0 0.42578125 0.13984375 0.13125 0.2484375
0 0.16953125 0.37578125 0.12734375 0.2359375
0 0.334375 0.396875 0.13046875 0.2328125
0 0.16875 0.865625 0.12109375 0.21015625
0 0.25703125 0.12421875 0.1328125 0.240625
0 0.840625 0.45 0.13046875 0.2328125
0 0.4125 0.65703125 0.1265625 0.22578125
0 0.503125 0.4125 0.13203125 0.234375
0 0.74296875 0.69453125 0.1296875 0.2296875
0 0.93671875 0.19375 0.1234375 0.2453125
0 0.0875 0.61875 0.125 0.2234375
0 0.24921875 0.6375 0.12890625 0.2265625
0 0.671875 0.43046875 0.1296875 0.23515625
0 0.4890625 0.90078125 0.11953125 0.196875
0 0.08671875 0.1125 0.13203125 0.2234375
0 0.596875 0.15703125 0.134375 0.24765625
0 0.57578125 0.6765625 0.12734375 0.2234375
0 0.32734375 0.8875 0.121875 0.2140625
0 0.76953125 0.1734375 0.1359375 0.24375
0 0.034375 0.36015625 0.06796875 0.23671875