0 0.7875 0.24453125 0.15234375 0.26875
0 0.40625 0.178125 0.14296875 0.265625
0 0.06171875 0.1234375 0.1203125 0.24375
0 0.48359375 0.48046875 0.14140625 0.25703125
0 0.2265625 0.146875 0.13828125 0.2609375
0 0.66953125 0.51875 0.146875 0.25390625
0 0.30546875 0.446875 0.13671875 0.2484375
0 0.1328125 0.41015625 0.13203125 0.2453125
0 0.5953125 0.209375 0.14609375 0.2671875
0 0.2109375 0.6953125 0.1265625 0.23671875
0 0.05546875 0.6546875 0.10703125 0.23125
0 0.3828125 0.734375 0.13046875 0.240625
0 0.90859375 0.046875 0.16015625 0.0921875