0 0.29453125 0.29375 0.11328125 0.21328125
0 0.41875 0.759375 0.11015625 0.19296875
0 0.3421875 0.92890625 0.10234375 0.140625
0 0.4421875 0.3203125 0.115625 0.2109375
0 0.64609375 0.5859375 0.1109375 0.2
0 0.21484375 0.50390625 0.11328125 0.1984375
0 0.14921875 0.2640625 0.11328125 0.209375
0 0.73828125 0.375 0.11796875 0.209375
0 0.13984375 0.70390625 0.11171875 0.19296875
0 0.58828125 0.346875 0.11484375 0.209375
0 0.56015625 0.7859375 0.1109375 0.19140625
0 0.0734375 0.4765625 0.11171875 0.2
0 0.5015625 0.56015625 0.1140625 0.2015625
0 0.3578125 0.53125 0.1125 0.1984375
0 0.27890625 0.73203125 0.1109375 0.19140625
0 0.06875 0.890625 0.10546875 0.17890625
0 0.20625 0.91328125 0.103125 0.1671875
0 0.03125 0.234375 0.06171875 0.2140625
0 0.028125 0.67578125 0.05625 0.19453125