0 0.421875 0.78203125 0.12109375 0.209375
0 0.19765625 0.525 0.1203125 0.21875
0 0.571875 0.80078125 0.12109375 0.2078125
0 0.27109375 0.7640625 0.1171875 0.20703125
0 0.9546875 0.6140625 0.090625 0.2140625
0 0.7234375 0.81875 0.11953125 0.2109375
0 0.74765625 0.3484375 0.125 0.2203125
0 0.12109375 0.2765625 0.121875 0.2265625
0 0.6578125 0.57890625 0.12109375 0.21328125
0 0.58828125 0.3296875 0.11640625 0.221875
0 0.8125 0.5953125 0.1203125 0.21328125
0 0.90625 0.365625 0.12578125 0.21640625
0 0.3515625 0.54375 0.12109375 0.2140625
0 0.87578125 0.83671875 0.12109375 0.209375
0 0.05390625 0.5078125 0.1046875 0.2140625
0 0.27734375 0.29453125 0.12421875 0.22109375
0 0.4359375 0.3125 0.12265625 0.221875
0 0.12421875 0.74375 0.11171875 0.2046875
0 0.50390625 0.5625 0.1203125 0.2078125
0 0.34375 0.946875 0.1109375 0.1046875
0 0.48984375 0.95625 0.109375 0.08671875