0 0.5203125 0.759375 0.1671875 0.3015625
0 0.33671875 0.09921875 0.17890625 0.196875
0 0.56015625 0.11875 0.18671875 0.23671875
0 0.0421875 0.32421875 0.084375 0.3078125
0 0.43046875 0.403125 0.17265625 0.30859375
0 0.1140625 0.0828125 0.1734375 0.1640625
0 0.7984375 0.13671875 0.1890625 0.2734375
0 0.88671875 0.4859375 0.1859375 0.321875
0 0.7453125 0.80390625 0.175 0.29765625
0 0.653125 0.44296875 0.18203125 0.31875
0 0.309375 0.7109375 0.1609375 0.2875
0 0.21328125 0.3625 0.16484375 0.3078125