0 0.6953125 0.4703125 0.1125 0.2015625
0 0.48828125 0.20625 0.11484375 0.2140625
0 0.4671875 0.65390625 0.1109375 0.19375
0 0.11171875 0.37578125 0.1140625 0.20546875
0 0.18828125 0.15625 0.11640625 0.21875
0 0.33828125 0.18125 0.11640625 0.21640625
0 0.63828125 0.23046875 0.11640625 0.21171875
0 0.7875 0.2546875 0.11875 0.209375
0 0.38984375 0.84765625 0.1046875 0.18203125
0 0.609375 0.6765625 0.11171875 0.190625
0 0.2578125 0.40078125 0.11484375 0.203125
0 0.55 0.44765625 0.11484375 0.2015625
0 0.10625 0.8015625 0.11640625 0.18359375
0 0.0484375 0.13046875 0.09609375 0.221875
0 0.403125 0.42265625 0.11484375 0.20625
0 0.32421875 0.63125 0.11328125 0.1953125
0 0.18203125 0.60703125 0.1125 0.19375
0 0.04765625 0.5828125 0.0953125 0.1984375
0 0.25078125 0.825 0.10625 0.184375