0 0.88828125 0.346875 0.15078125 0.26328125
0 0.7796875 0.615625 0.1453125 0.2484375
0 0.6015625 0.59375 0.13984375 0.24375
0 0.3421875 0.28359375 0.14140625 0.25625
0 0.678125 0.8703125 0.14140625 0.2359375
0 0.70390625 0.32578125 0.14296875 0.2578125
0 0.50234375 0.8453125 0.1375 0.2359375
0 0.24921875 0.546875 0.1359375 0.24296875
0 0.8546875 0.88828125 0.1421875 0.22265625
0 0.42421875 0.5703125 0.13828125 0.24375
0 0.33203125 0.81953125 0.12578125 0.23203125
0 0.52109375 0.3046875 0.140625 0.25625
0 0.16171875 0.26171875 0.14296875 0.25390625
0 0.9453125 0.63828125 0.109375 0.25