0 0.64375 0.76875 0.11484375 0.20546875
0 0.7921875 0.784375 0.115625 0.2015625
0 0.815625 0.3265625 0.11796875 0.21171875
0 0.41875 0.93125 0.10859375 0.1359375
0 0.9546875 0.34296875 0.08984375 0.2140625
0 0.6640625 0.3109375 0.11640625 0.2109375
0 0.49609375 0.753125 0.115625 0.2
0 0.3609375 0.278125 0.1171875 0.2171875
0 0.56328125 0.940625 0.1109375 0.1171875
0 0.35 0.73671875 0.11796875 0.203125
0 0.728125 0.55078125 0.11875 0.209375
0 0.275 0.9234375 0.11015625 0.1515625
0 0.28046875 0.503125 0.11640625 0.209375
0 0.578125 0.53671875 0.11953125 0.20625
0 0.20390625 0.71875 0.11640625 0.2
0 0.5125 0.29296875 0.115625 0.21640625
0 0.20703125 0.26015625 0.1203125 0.2140625
0 0.42890625 0.52109375 0.11953125 0.20546875
0 0.05859375 0.24453125 0.1140625 0.215625
0 0.13046875 0.4859375 0.1171875 0.20703125
0 0.878125 0.5671875 0.11640625 0.20546875
0 0.0578125 0.7 0.11171875 0.1984375
0 0.0203125 0.471875 0.040625 0.203125