0 0.953125 0.35859375 0.09296875 0.2453125
0 0.7984375 0.3375 0.13984375 0.24765625
0 0.4515625 0.296875 0.134375 0.24453125
0 0.36015625 0.55234375 0.13125 0.2328125
0 0.27578125 0.7890625 0.12109375 0.22265625
0 0.28046875 0.2796875 0.13203125 0.2453125
0 0.19375 0.5296875 0.1296875 0.23203125
0 0.603125 0.83671875 0.134375 0.2265625
0 0.62421875 0.31875 0.1359375 0.24375
0 0.4359375 0.8140625 0.12890625 0.225
0 0.528125 0.575 0.1328125 0.23125
0 0.7703125 0.859375 0.13359375 0.2265625
0 0.93671875 0.88125 0.1234375 0.23125
0 0.10859375 0.25703125 0.134375 0.24296875
0 0.69765625 0.59296875 0.1375 0.2359375
0 0.87109375 0.61484375 0.1359375 0.234375
0 0.98828125 0.62734375 0.0234375 0.23125