0 0.8875 0.15625 0.16171875 0.284375
0 0.6859375 0.14140625 0.15625 0.2796875
0 0.76875 0.45390625 0.1546875 0.26875
0 0.2984375 0.11953125 0.14765625 0.23828125
0 0.11328125 0.1078125 0.1390625 0.215625
0 0.4890625 0.12890625 0.15390625 0.25625
0 0.3859375 0.40703125 0.14375 0.2640625
0 0.575 0.43046875 0.14609375 0.26640625
0 0.20234375 0.38359375 0.1421875 0.2609375
0 0.290625 0.67578125 0.134375 0.24609375
0 0.115625 0.64765625 0.13203125 0.24140625
0 0.4734375 0.7015625 0.14140625 0.2515625
0 0.04765625 0.36328125 0.09296875 0.25234375