0 0.78125 0.14921875 0.14375 0.2625
0 0.67734375 0.4203125 0.13828125 0.2484375
0 0.325 0.38359375 0.13828125 0.2453125
0 0.1515625 0.36328125 0.13359375 0.24375
0 0.85625 0.44140625 0.13828125 0.24609375
0 0.06875 0.103125 0.1328125 0.20625
0 0.75234375 0.7 0.1375 0.2390625
0 0.4046875 0.659375 0.134375 0.2375
0 0.5 0.40078125 0.13828125 0.2484375
0 0.57734375 0.68125 0.1328125 0.2375
0 0.234375 0.6375 0.13125 0.23359375
0 0.59921875 0.13203125 0.14140625 0.25859375
0 0.24296875 0.11171875 0.13828125 0.2234375
0 0.484375 0.90546875 0.12734375 0.18828125
0 0.41953125 0.121875 0.13671875 0.24375
0 0.15 0.87578125 0.1265625 0.22265625
0 0.0671875 0.61640625 0.12890625 0.23359375
0 0.94609375 0.16796875 0.10625 0.26328125
0 0.3171875 0.88515625 0.12578125 0.19609375
0 0.0234375 0.34765625 0.046875 0.2421875