0 0.74140625 0.3078125 0.146875 0.2609375
0 0.55234375 0.2703125 0.14453125 0.2609375
0 0.37109375 0.2359375 0.1390625 0.25625
0 0.625 0.57265625 0.1421875 0.25078125
0 0.2703125 0.496875 0.134375 0.240625
0 0.1953125 0.2015625 0.1359375 0.25546875
0 0.4453125 0.5328125 0.1375 0.2484375
0 0.3484375 0.778125 0.12890625 0.23203125
0 0.103125 0.45703125 0.1296875 0.240625
0 0.86328125 0.0828125 0.15859375 0.1640625
0 0.04765625 0.16953125 0.09296875 0.2484375
0 0.17890625 0.734375 0.12578125 0.234375
0 0.47578125 0.0484375 0.14140625 0.0953125
0 0.03984375 0.69296875 0.07890625 0.2296875
0 0.665625 0.06328125 0.1515625 0.12421875