0 0.8890625 0.3078125 0.14921875 0.2640625
0 0.51015625 0.2703125 0.146875 0.26171875
0 0.6984375 0.2890625 0.146875 0.26171875
0 0.3265625 0.2515625 0.14375 0.26015625
0 0.4109375 0.54375 0.14140625 0.253125
0 0.7765625 0.5859375 0.1453125 0.253125
0 0.23125 0.521875 0.13671875 0.24765625
0 0.06328125 0.49921875 0.12421875 0.246875
0 0.49453125 0.8234375 0.13359375 0.23984375
0 0.146875 0.775 0.1296875 0.234375
0 0.5921875 0.56640625 0.14140625 0.2484375
0 0.31796875 0.8 0.13203125 0.23828125
0 0.1453125 0.23046875 0.1375 0.26171875
0 0.8078125 0.06640625 0.1546875 0.13125
0 0.6140625 0.059375 0.14609375 0.11640625
0 0.42421875 0.0515625 0.14296875 0.1015625