0 0.86171875 0.34375 0.1484375 0.25625
0 0.32421875 0.28203125 0.13828125 0.2546875
0 0.5796875 0.58671875 0.1390625 0.24140625
0 0.4046875 0.565625 0.1375 0.24375
0 0.7546875 0.609375 0.1421875 0.24296875
0 0.8296875 0.88203125 0.13984375 0.23203125
0 0.2328125 0.5421875 0.1328125 0.240625
0 0.93125 0.63046875 0.13515625 0.24375
0 0.65546875 0.859375 0.1390625 0.234375
0 0.146875 0.2609375 0.13984375 0.2484375
0 0.5 0.30078125 0.1390625 0.25546875
0 0.48125 0.834375 0.13203125 0.23125
0 0.67890625 0.3234375 0.1390625 0.25390625
0 0.31640625 0.8078125 0.12421875 0.22890625
0 0.96796875 0.89375 0.0625 0.21171875
0 0.9859375 0.3546875 0.02734375 0.2515625