0 0.3984375 0.5578125 0.125 0.21875
0 0.621875 0.821875 0.12421875 0.2125
0 0.46875 0.80078125 0.12109375 0.2125
0 0.31484375 0.7828125 0.11953125 0.2109375
0 0.87109375 0.6125 0.125 0.21875
0 0.325 0.303125 0.12578125 0.228125
0 0.6421875 0.340625 0.11953125 0.2265625
0 0.24140625 0.5390625 0.12109375 0.21875
0 0.0859375 0.51953125 0.1203125 0.2171875
0 0.16484375 0.2875 0.125 0.228125
0 0.93515625 0.859375 0.1234375 0.21171875
0 0.8046875 0.359375 0.12890625 0.22421875
0 0.553125 0.5765625 0.1265625 0.21796875
0 0.9515625 0.378125 0.0953125 0.225
0 0.7125 0.59453125 0.12421875 0.2171875
0 0.4859375 0.3234375 0.128125 0.2265625
0 0.77734375 0.8390625 0.1234375 0.2140625
0 0.16484375 0.76171875 0.11328125 0.20859375
0 0.034375 0.26796875 0.06875 0.2234375
0 0.3890625 0.95625 0.1078125 0.08671875
0 0.5375 0.9671875 0.1109375 0.06328125
0 0.98359375 0.63125 0.03125 0.20703125
0 0.6796875 0.978125 0.128125 0.04375