0 0.19609375 0.71796875 0.11328125 0.20234375
0 0.71640625 0.55234375 0.11484375 0.20546875
0 0.3421875 0.7359375 0.11484375 0.2015625
0 0.41953125 0.5203125 0.11796875 0.2078125
0 0.2 0.26328125 0.11875 0.21328125
0 0.56796875 0.5375 0.1171875 0.2046875
0 0.27265625 0.5046875 0.11640625 0.20625
0 0.2671875 0.92265625 0.11015625 0.15390625
0 0.865625 0.56796875 0.1140625 0.20546875
0 0.1234375 0.48828125 0.1171875 0.20859375
0 0.4875 0.753125 0.11328125 0.19921875
0 0.80234375 0.3296875 0.1203125 0.2125
0 0.6328125 0.76875 0.1140625 0.19921875
0 0.409375 0.93046875 0.10859375 0.1375
0 0.5015625 0.296875 0.115625 0.21328125
0 0.65234375 0.31328125 0.11640625 0.2125
0 0.35234375 0.28125 0.11875 0.215625
0 0.778125 0.784375 0.115625 0.2015625
0 0.946875 0.3453125 0.10546875 0.2140625
0 0.05546875 0.24765625 0.10703125 0.2140625
0 0.55234375 0.940625 0.109375 0.11875
0 0.0546875 0.7 0.10625 0.19921875
0 0.0171875 0.46796875 0.034375 0.2046875