0 0.36953125 0.49296875 0.11484375 0.20625
0 0.51796875 0.5203125 0.115625 0.20625
0 0.665625 0.54609375 0.1125 0.20546875
0 0.14609375 0.671875 0.11328125 0.196875
0 0.290625 0.7 0.11328125 0.196875
0 0.434375 0.72578125 0.11171875 0.19609375
0 0.2140625 0.89375 0.10859375 0.1859375
0 0.75703125 0.33125 0.12109375 0.2140625
0 0.22421875 0.46640625 0.11640625 0.20546875
0 0.60625 0.3046875 0.11640625 0.2140625
0 0.07734375 0.4390625 0.1140625 0.20859375
0 0.30625 0.25 0.11640625 0.21953125
0 0.5765625 0.7515625 0.1140625 0.19453125
0 0.45625 0.27734375 0.1171875 0.2140625
0 0.15546875 0.22265625 0.1171875 0.2140625
0 0.35546875 0.9140625 0.10546875 0.1703125
0 0.075 0.8640625 0.10625 0.1859375
0 0.03046875 0.64453125 0.0609375 0.19921875
0 0.03203125 0.19375 0.0640625 0.2203125