0 0.1625 0.37421875 0.1296875 0.2390625
0 0.50078125 0.41171875 0.13359375 0.2375
0 0.3296875 0.3953125 0.134375 0.2375
0 0.24375 0.640625 0.12890625 0.22890625
0 0.74453125 0.69921875 0.13125 0.234375
0 0.671875 0.43125 0.13515625 0.2390625
0 0.4078125 0.6609375 0.12890625 0.22890625
0 0.84453125 0.45 0.1328125 0.2375
0 0.940625 0.1875 0.11796875 0.25078125
0 0.57578125 0.68203125 0.1296875 0.23046875
0 0.0796875 0.6203125 0.1265625 0.22734375
0 0.2515625 0.121875 0.13515625 0.23671875
0 0.421875 0.1328125 0.13359375 0.2515625
0 0.7734375 0.16875 0.1390625 0.2484375
0 0.32265625 0.89140625 0.12265625 0.209375
0 0.4859375 0.90390625 0.12265625 0.19140625
0 0.16171875 0.8734375 0.1234375 0.215625
0 0.0765625 0.1125 0.13515625 0.21875
0 0.59765625 0.1515625 0.13671875 0.253125
0 0.03046875 0.35859375 0.0609375 0.2421875