0 0.50390625 0.35859375 0.1390625 0.2484375
0 0.23515625 0.59921875 0.13203125 0.23828125
0 0.32578125 0.3390625 0.1375 0.24921875
0 0.58125 0.63984375 0.1359375 0.24375
0 0.1515625 0.31953125 0.13359375 0.24765625
0 0.6828125 0.3765625 0.13984375 0.253125
0 0.40703125 0.61953125 0.1359375 0.240625
0 0.31875 0.86484375 0.12890625 0.228125
0 0.60390625 0.10703125 0.13984375 0.21328125
0 0.48828125 0.8859375 0.12890625 0.225
0 0.95234375 0.1265625 0.0953125 0.2453125
0 0.759375 0.66171875 0.1390625 0.2453125
0 0.78984375 0.115625 0.14765625 0.23125
0 0.2453125 0.0890625 0.14296875 0.178125
0 0.06640625 0.5765625 0.1296875 0.2390625
0 0.0671875 0.0796875 0.13203125 0.159375
0 0.8671875 0.396875 0.1421875 0.25
0 0.1484375 0.84140625 0.13125 0.22421875
0 0.421875 0.09765625 0.13984375 0.19453125
0 0.02265625 0.3 0.0453125 0.2484375