0 0.56953125 0.5765625 0.12734375 0.21875
0 0.79609375 0.84140625 0.1234375 0.21640625
0 0.48359375 0.80234375 0.1234375 0.21328125
0 0.41328125 0.55625 0.1234375 0.21953125
0 0.33984375 0.30078125 0.1265625 0.228125
0 0.88984375 0.61328125 0.12578125 0.21875
0 0.8234375 0.35625 0.12890625 0.2265625
0 0.5 0.3203125 0.12578125 0.2265625
0 0.9453125 0.86015625 0.10859375 0.215625
0 0.63828125 0.82265625 0.12265625 0.209375
0 0.1 0.5171875 0.121875 0.21875
0 0.659375 0.3375 0.12109375 0.228125
0 0.1796875 0.28203125 0.12734375 0.23203125
0 0.25546875 0.5390625 0.1234375 0.21875
0 0.3296875 0.7828125 0.12109375 0.209375
0 0.72890625 0.59375 0.1265625 0.21875
0 0.9609375 0.375 0.07734375 0.22578125
0 0.0421875 0.2640625 0.0828125 0.2265625
0 0.17890625 0.76171875 0.115625 0.209375
0 0.553125 0.96796875 0.11171875 0.06328125
0 0.40390625 0.95703125 0.10390625 0.084375
0 0.6984375 0.97890625 0.1296875 0.04140625