0 0.2046875 0.1890625 0.1359375 0.25390625
0 0.4546875 0.51796875 0.1375 0.2515625
0 0.7515625 0.2921875 0.14609375 0.259375
0 0.2796875 0.4828125 0.134375 0.24375
0 0.38125 0.2234375 0.14140625 0.25625
0 0.11171875 0.4453125 0.12890625 0.2390625
0 0.6359375 0.5578125 0.14609375 0.2515625
0 0.5625 0.25625 0.14453125 0.26171875
0 0.35625 0.765625 0.12890625 0.2359375
0 0.18828125 0.7234375 0.12421875 0.23359375
0 0.0515625 0.1546875 0.1015625 0.2515625
0 0.0453125 0.68203125 0.0875 0.22421875
0 0.8703125 0.0734375 0.15859375 0.14609375
0 0.6734375 0.05625 0.14765625 0.1109375
0 0.484375 0.040625 0.14296875 0.08046875
0 0.30390625 0.02578125 0.13671875 0.05078125