0 0.6703125 0.46875 0.12109375 0.21796875
0 0.9203125 0.25 0.12265625 0.2265625
0 0.4453125 0.1984375 0.12109375 0.22890625
0 0.515625 0.4515625 0.11875 0.215625
0 0.82578125 0.4859375 0.12109375 0.2140625
0 0.2015625 0.875 0.1140625 0.1984375
0 0.50078125 0.90546875 0.1140625 0.18671875
0 0.7609375 0.2328125 0.125 0.2234375
0 0.359375 0.434375 0.121875 0.21796875
0 0.28828125 0.18125 0.1234375 0.22578125
0 0.73671875 0.7125 0.11953125 0.2109375
0 0.35 0.89296875 0.11484375 0.20078125
0 0.2046875 0.4171875 0.12109375 0.21796875
0 0.58359375 0.696875 0.1171875 0.21328125
0 0.603125 0.2171875 0.12265625 0.22421875
0 0.1265625 0.6421875 0.11953125 0.2109375
0 0.128125 0.1625 0.12421875 0.2265625
0 0.05625 0.4 0.10859375 0.21875
0 0.43125 0.6796875 0.11875 0.2109375
0 0.27890625 0.6609375 0.11953125 0.2125