0 0.84375 0.334375 0.121875 0.2140625
0 0.21953125 0.73125 0.1171875 0.20546875
0 0.36875 0.7484375 0.1171875 0.20625
0 0.66640625 0.7828125 0.11640625 0.20625
0 0.5171875 0.7671875 0.11640625 0.2046875
0 0.225 0.26640625 0.121875 0.21875
0 0.14609375 0.49609375 0.11953125 0.21484375
0 0.2984375 0.5125 0.11953125 0.2125
0 0.44921875 0.5296875 0.1234375 0.21328125
0 0.2921875 0.9296875 0.1125 0.13828125
0 0.8171875 0.79921875 0.11796875 0.20625
0 0.60078125 0.546875 0.12109375 0.2078125
0 0.68828125 0.3171875 0.11875 0.2171875
0 0.06875 0.25 0.1234375 0.2234375
0 0.4375 0.9390625 0.1109375 0.11953125
0 0.3796875 0.2828125 0.1203125 0.21875
0 0.90625 0.57890625 0.11796875 0.2109375
0 0.53203125 0.3 0.1171875 0.22109375
0 0.75234375 0.5625 0.12109375 0.2109375
0 0.96875 0.3484375 0.06171875 0.21796875
0 0.07421875 0.7125 0.1109375 0.203125
0 0.5859375 0.94765625 0.109375 0.10390625
0 0.028125 0.478125 0.05625 0.2109375