0 0.3453125 0.78046875 0.121875 0.21328125
0 0.95546875 0.8609375 0.08828125 0.21875
0 0.271875 0.534375 0.125 0.2234375
0 0.35546875 0.296875 0.12734375 0.22890625
0 0.1140625 0.515625 0.121875 0.2203125
0 0.81640625 0.83828125 0.1234375 0.2171875
0 0.84375 0.35234375 0.13046875 0.228125
0 0.5875 0.5734375 0.1265625 0.2203125
0 0.7484375 0.58984375 0.12734375 0.22265625
0 0.50078125 0.8 0.1265625 0.2140625
0 0.91015625 0.609375 0.12734375 0.21953125
0 0.4296875 0.553125 0.1265625 0.22109375
0 0.19296875 0.278125 0.1234375 0.23203125
0 0.5171875 0.315625 0.12734375 0.22890625
0 0.65625 0.8203125 0.125 0.21328125
0 0.67734375 0.33203125 0.12265625 0.2296875
0 0.05 0.2578125 0.0984375 0.23125
0 0.19296875 0.759375 0.11640625 0.2109375
0 0.97109375 0.3703125 0.05625 0.22890625
0 0.57109375 0.9671875 0.11484375 0.0625
0 0.4203125 0.95625 0.1109375 0.08515625