0 0.64609375 0.56875 0.12109375 0.21328125
0 0.3421875 0.53515625 0.11875 0.21328125
0 0.26875 0.28671875 0.12109375 0.2203125
0 0.49375 0.55234375 0.12109375 0.2125
0 0.89375 0.35625 0.1234375 0.21796875
0 0.42421875 0.3046875 0.12265625 0.221875
0 0.7125 0.8078125 0.1171875 0.2109375
0 0.80078125 0.5859375 0.12265625 0.2140625
0 0.41171875 0.7734375 0.11796875 0.2046875
0 0.8640625 0.82578125 0.11875 0.20625
0 0.26171875 0.7546875 0.1171875 0.203125
0 0.1890625 0.5171875 0.11875 0.2140625
0 0.1125 0.2703125 0.12265625 0.2234375
0 0.48046875 0.95078125 0.1078125 0.096875
0 0.56015625 0.79140625 0.11875 0.20546875
0 0.73515625 0.33984375 0.1234375 0.21875
0 0.57734375 0.321875 0.11953125 0.2234375
0 0.946875 0.6046875 0.10546875 0.2140625
0 0.1140625 0.7359375 0.11328125 0.2046875
0 0.0484375 0.4984375 0.0953125 0.21171875
0 0.3328125 0.9421875 0.11484375 0.1140625