0 0.27265625 0.65625 0.12265625 0.2140625
0 0.1984375 0.41015625 0.125 0.22109375
0 0.66953125 0.4625 0.12109375 0.21875
0 0.11875 0.6390625 0.11953125 0.2140625
0 0.19375 0.87265625 0.1171875 0.2015625
0 0.1203125 0.1515625 0.12578125 0.23203125
0 0.34453125 0.89140625 0.11640625 0.20234375
0 0.8265625 0.4796875 0.12265625 0.21953125
0 0.49765625 0.9046875 0.115625 0.1875
0 0.4265625 0.675 0.12265625 0.215625
0 0.7609375 0.2234375 0.12578125 0.2265625
0 0.35390625 0.428125 0.1234375 0.221875
0 0.92265625 0.24140625 0.12578125 0.2296875
0 0.7359375 0.709375 0.1203125 0.21328125
0 0.28203125 0.171875 0.1265625 0.23046875
0 0.5125 0.4453125 0.12265625 0.2171875
0 0.44140625 0.18828125 0.12265625 0.23125
0 0.6 0.20703125 0.125 0.228125
0 0.58046875 0.69375 0.11875 0.2140625
0 0.0515625 0.39296875 0.10234375 0.221875