0 0.3453125 0.27578125 0.11640625 0.215625
0 0.79609375 0.325 0.11953125 0.2109375
0 0.19375 0.26015625 0.11953125 0.21484375
0 0.2671875 0.5 0.11484375 0.2078125
0 0.64609375 0.309375 0.115625 0.2109375
0 0.11796875 0.48359375 0.1171875 0.209375
0 0.190625 0.7140625 0.1140625 0.2
0 0.4953125 0.29296875 0.11484375 0.215625
0 0.94375 0.340625 0.1109375 0.21171875
0 0.3375 0.73125 0.1140625 0.1984375
0 0.5625 0.53359375 0.1171875 0.2046875
0 0.77265625 0.7796875 0.115625 0.2015625
0 0.54765625 0.9375 0.11015625 0.12265625
0 0.7109375 0.54765625 0.115625 0.20390625
0 0.6265625 0.7640625 0.11484375 0.2015625
0 0.4140625 0.515625 0.115625 0.20546875
0 0.26171875 0.91875 0.1109375 0.159375
0 0.48125 0.74921875 0.11328125 0.19765625
0 0.85859375 0.56328125 0.11328125 0.203125
0 0.4046875 0.9296875 0.10859375 0.1390625
0 0.05234375 0.2421875 0.1015625 0.215625
0 0.0515625 0.69609375 0.10078125 0.2015625
0 0.0140625 0.46640625 0.028125 0.2078125