0 0.1453125 0.9078125 0.12734375 0.18203125
0 0.41015625 0.72890625 0.13671875 0.24765625
0 0.7015625 0.503125 0.1484375 0.2609375
0 0.2359375 0.69375 0.13203125 0.2421875
0 0.334375 0.43828125 0.1390625 0.25078125
0 0.159375 0.40546875 0.13125 0.25
0 0.31171875 0.9265625 0.13046875 0.14453125
0 0.59140625 0.76875 0.14140625 0.2453125
0 0.51484375 0.46875 0.14375 0.253125
0 0.06953125 0.6578125 0.13046875 0.23828125
0 0.4875 0.9453125 0.13515625 0.10625
0 0.0296875 0.3765625 0.0578125 0.24140625