0 0.49375 0.89375 0.11875 0.20859375
0 0.42109375 0.65078125 0.125 0.221875
0 0.3453125 0.3953125 0.1265625 0.228125
0 0.67265625 0.4296875 0.12734375 0.22890625
0 0.8359375 0.44921875 0.12578125 0.22734375
0 0.18359375 0.3765625 0.12421875 0.228125
0 0.434375 0.146875 0.1265625 0.2390625
0 0.2703125 0.128125 0.128125 0.24140625
0 0.93359375 0.19921875 0.128125 0.23828125
0 0.74140625 0.6875 0.12421875 0.22109375
0 0.6 0.16484375 0.13046875 0.23828125
0 0.26171875 0.63203125 0.12421875 0.22109375
0 0.50859375 0.41171875 0.12578125 0.2265625
0 0.76796875 0.1828125 0.13203125 0.2359375
0 0.3375 0.8765625 0.11796875 0.2109375
0 0.58046875 0.6703125 0.12265625 0.22109375
0 0.103125 0.115625 0.13125 0.2265625
0 0.18203125 0.85625 0.11796875 0.2078125
0 0.10234375 0.61328125 0.12421875 0.21796875
0 0.04375 0.3609375 0.08515625 0.23125