0 0.84140625 0.38828125 0.16015625 0.2765625
0 0.91953125 0.69765625 0.15703125 0.2640625
0 0.5390625 0.64296875 0.1515625 0.25859375
0 0.728125 0.66875 0.15390625 0.2640625
0 0.26328125 0.3109375 0.15625 0.26953125
0 0.35234375 0.615625 0.14453125 0.25546875
0 0.45390625 0.33671875 0.14921875 0.275
0 0.6421875 0.359375 0.15234375 0.2765625
0 0.80859375 0.91875 0.1515625 0.1609375
0 0.6203125 0.9046875 0.14921875 0.1890625
0 0.96015625 0.9328125 0.07890625 0.13359375
0 0.43828125 0.88984375 0.1359375 0.21796875
0 0.98125 0.41171875 0.0375 0.2546875