0 0.31640625 0.17265625 0.15078125 0.2703125
0 0.13203125 0.153125 0.140625 0.271875
0 0.50625 0.1890625 0.15 0.27734375
0 0.90078125 0.22578125 0.15546875 0.278125
0 0.784375 0.51875 0.153125 0.2640625
0 0.5921875 0.496875 0.146875 0.2609375
0 0.4046875 0.475 0.14453125 0.2625
0 0.7015625 0.20625 0.153125 0.27734375
0 0.49296875 0.7671875 0.14140625 0.2453125
0 0.05703125 0.43203125 0.1109375 0.25546875
0 0.1328125 0.71796875 0.1328125 0.240625
0 0.309375 0.7421875 0.13515625 0.24609375
0 0.22109375 0.453125 0.1421875 0.25703125