0 0.7765625 0.1609375 0.14296875 0.2546875
0 0.15546875 0.37265625 0.13046875 0.240625
0 0.3265625 0.3921875 0.13515625 0.2421875
0 0.5 0.41015625 0.13671875 0.2390625
0 0.2375 0.64375 0.13125 0.23125
0 0.57578125 0.684375 0.1328125 0.2328125
0 0.67421875 0.428125 0.13828125 0.24453125
0 0.40546875 0.6640625 0.13203125 0.23125
0 0.85 0.4484375 0.13671875 0.2390625
0 0.07109375 0.10703125 0.13359375 0.21328125
0 0.59765625 0.14375 0.13828125 0.2546875
0 0.24609375 0.11796875 0.13828125 0.23203125
0 0.07265625 0.6203125 0.128125 0.23125
0 0.746875 0.703125 0.13515625 0.23515625
0 0.48359375 0.90546875 0.1234375 0.1875
0 0.94296875 0.18046875 0.11328125 0.2578125
0 0.15546875 0.8765625 0.1234375 0.21875
0 0.4203125 0.12734375 0.1359375 0.25234375
0 0.31875 0.8859375 0.125 0.19609375
0 0.0265625 0.35390625 0.053125 0.23828125