0 0.7890625 0.5796875 0.1203125 0.2140625
0 0.72421875 0.33203125 0.12421875 0.22109375
0 0.7015625 0.8015625 0.11875 0.2109375
0 0.9421875 0.596875 0.11484375 0.2125
0 0.5671875 0.315625 0.1171875 0.221875
0 0.55078125 0.7859375 0.12109375 0.20625
0 0.33125 0.528125 0.11875 0.2140625
0 0.88203125 0.34921875 0.12421875 0.21875
0 0.2515625 0.746875 0.11796875 0.20625
0 0.63671875 0.5625 0.11875 0.2109375
0 0.4015625 0.765625 0.11953125 0.20625
0 0.2578125 0.2796875 0.121875 0.221875
0 0.3234375 0.9390625 0.1109375 0.1203125
0 0.4140625 0.2984375 0.121875 0.21796875
0 0.46875 0.9484375 0.109375 0.1015625
0 0.61875 0.95703125 0.10703125 0.084375
0 0.4828125 0.546875 0.1203125 0.20625
0 0.85234375 0.81875 0.1203125 0.203125
0 0.178125 0.51171875 0.1203125 0.215625
0 0.04375 0.49375 0.0859375 0.2140625
0 0.1015625 0.2625 0.125 0.22578125
0 0.1046875 0.72890625 0.11328125 0.2046875