0 0.67421875 0.7859375 0.11796875 0.20703125
0 0.44375 0.940625 0.1109375 0.1171875
0 0.82421875 0.80234375 0.11953125 0.20625
0 0.9140625 0.58203125 0.1171875 0.20859375
0 0.6953125 0.3203125 0.12109375 0.2171875
0 0.85 0.3359375 0.1234375 0.21640625
0 0.5390625 0.303125 0.115625 0.221875
0 0.52421875 0.76875 0.11875 0.2046875
0 0.37578125 0.75078125 0.11875 0.20546875
0 0.60859375 0.5484375 0.11953125 0.2109375
0 0.22734375 0.734375 0.11796875 0.20625
0 0.3875 0.28671875 0.11875 0.2171875
0 0.7609375 0.5640625 0.1203125 0.2109375
0 0.23203125 0.26796875 0.11953125 0.21875
0 0.0765625 0.2515625 0.12421875 0.2234375
0 0.45625 0.53203125 0.1203125 0.2109375
0 0.29921875 0.93125 0.11171875 0.1359375
0 0.5921875 0.94921875 0.11015625 0.10078125
0 0.30546875 0.51484375 0.11875 0.2109375
0 0.153125 0.4984375 0.11953125 0.21328125
0 0.971875 0.35 0.05390625 0.2171875
0 0.03125 0.4796875 0.0625 0.2125
0 0.0796875 0.715625 0.1171875 0.203125