0 0.74765625 0.5578125 0.12109375 0.2125
0 0.29296875 0.509375 0.1171875 0.2109375
0 0.21875 0.26328125 0.11953125 0.21953125
0 0.3734375 0.28046875 0.12109375 0.2203125
0 0.59375 0.54296875 0.11875 0.20859375
0 0.44296875 0.525 0.11953125 0.2109375
0 0.21484375 0.728125 0.11484375 0.203125
0 0.140625 0.4921875 0.11796875 0.2125
0 0.9 0.57421875 0.11875 0.209375
0 0.6609375 0.7796875 0.11484375 0.20625
0 0.83671875 0.3296875 0.12265625 0.2171875
0 0.36328125 0.74453125 0.11640625 0.20546875
0 0.52578125 0.296875 0.11796875 0.2203125
0 0.5109375 0.76328125 0.11640625 0.203125
0 0.2875 0.92890625 0.11171875 0.14140625
0 0.8109375 0.7953125 0.1171875 0.203125
0 0.96484375 0.3453125 0.06796875 0.21875
0 0.57890625 0.9453125 0.11015625 0.1078125
0 0.68125 0.3140625 0.1203125 0.21640625
0 0.0640625 0.246875 0.12109375 0.2234375
0 0.43125 0.9375 0.10859375 0.1234375
0 0.06484375 0.709375 0.11796875 0.203125
0 0.025 0.475 0.05 0.2078125