0 0.76875 0.77109375 0.11484375 0.203125
0 0.9421875 0.334375 0.11484375 0.2125
0 0.54296875 0.934375 0.10859375 0.13125
0 0.64140625 0.30078125 0.115625 0.2125
0 0.7921875 0.3171875 0.11796875 0.2109375
0 0.621875 0.7578125 0.11328125 0.2015625
0 0.18828125 0.25078125 0.1171875 0.2140625
0 0.490625 0.28515625 0.11484375 0.21328125
0 0.1125 0.4765625 0.11640625 0.209375
0 0.34140625 0.26875 0.11796875 0.21484375
0 0.1859375 0.7078125 0.1140625 0.2015625
0 0.2609375 0.4921875 0.11484375 0.20625
0 0.47578125 0.74140625 0.115625 0.20078125
0 0.40859375 0.51015625 0.1171875 0.20625
0 0.39765625 0.925 0.11015625 0.1484375
0 0.8546875 0.5578125 0.115625 0.20625
0 0.0484375 0.23515625 0.0953125 0.2171875
0 0.33125 0.72421875 0.11484375 0.19921875
0 0.5578125 0.525 0.1140625 0.20546875
0 0.70546875 0.54140625 0.11484375 0.20546875
0 0.25625 0.9171875 0.11171875 0.1640625
0 0.0484375 0.68828125 0.0953125 0.2015625