0 0.8703125 0.56875 0.1140625 0.2046875
0 0.721875 0.5515625 0.11796875 0.20625
0 0.3453125 0.73671875 0.11484375 0.2
0 0.4921875 0.7546875 0.11640625 0.19921875
0 0.4140625 0.93125 0.10859375 0.13671875
0 0.6375 0.76953125 0.11328125 0.20234375
0 0.5734375 0.5375 0.11875 0.2046875
0 0.809375 0.32890625 0.1203125 0.2109375
0 0.27109375 0.9234375 0.109375 0.1515625
0 0.27734375 0.50625 0.1171875 0.209375
0 0.20078125 0.71875 0.11484375 0.2015625
0 0.425 0.52109375 0.11953125 0.20703125
0 0.35625 0.28046875 0.11640625 0.21484375
0 0.78515625 0.784375 0.11484375 0.2
0 0.65859375 0.3140625 0.115625 0.2109375
0 0.95078125 0.34453125 0.0984375 0.21328125
0 0.05703125 0.2484375 0.11171875 0.2140625
0 0.55859375 0.940625 0.109375 0.1171875
0 0.05703125 0.70078125 0.1109375 0.196875
0 0.2046875 0.26328125 0.1171875 0.21328125
0 0.50625 0.296875 0.11328125 0.2109375
0 0.12734375 0.4890625 0.11796875 0.209375
0 0.01875 0.47421875 0.0375 0.1984375