0 0.8953125 0.15390625 0.1609375 0.28359375
0 0.69375 0.140625 0.15625 0.2796875
0 0.58359375 0.4296875 0.15 0.2671875
0 0.778125 0.453125 0.153125 0.26875
0 0.21015625 0.38671875 0.14140625 0.2609375
0 0.30703125 0.11953125 0.1515625 0.23828125
0 0.39375 0.409375 0.14296875 0.26171875
0 0.4984375 0.1296875 0.15 0.25625
0 0.48125 0.703125 0.1390625 0.253125
0 0.12265625 0.6515625 0.134375 0.240625
0 0.12109375 0.10859375 0.1421875 0.2171875
0 0.29921875 0.678125 0.1390625 0.2484375
0 0.05078125 0.36640625 0.10078125 0.25390625