0 0.32109375 0.521875 0.1203125 0.2125
0 0.2484375 0.27421875 0.1234375 0.2234375
0 0.16875 0.5046875 0.11875 0.2140625
0 0.8703125 0.34375 0.12265625 0.2171875
0 0.39140625 0.759375 0.11796875 0.20625
0 0.2421875 0.7421875 0.11640625 0.20546875
0 0.69140625 0.79375 0.11640625 0.20703125
0 0.8421875 0.8109375 0.11796875 0.20625
0 0.540625 0.778125 0.11796875 0.203125
0 0.47265625 0.53828125 0.1234375 0.2125
0 0.62578125 0.55625 0.12109375 0.2140625
0 0.09296875 0.25703125 0.1203125 0.22265625
0 0.71328125 0.3265625 0.11953125 0.21875
0 0.60703125 0.953125 0.1078125 0.09140625
0 0.3140625 0.9359375 0.1125 0.1265625
0 0.9328125 0.5890625 0.11796875 0.21015625
0 0.09375 0.7203125 0.11328125 0.203125
0 0.40390625 0.29296875 0.12109375 0.21796875
0 0.55625 0.309375 0.11796875 0.21953125
0 0.778125 0.5734375 0.121875 0.2109375
0 0.03828125 0.4875 0.0765625 0.2125
0 0.4609375 0.94453125 0.11015625 0.109375
0 0.98125 0.3609375 0.0359375 0.215625