0 0.7703125 0.259375 0.121875 0.21796875
0 0.59765625 0.7109375 0.115625 0.209375
0 0.515625 0.91171875 0.11171875 0.17421875
0 0.74609375 0.72578125 0.1171875 0.209375
0 0.44765625 0.69375 0.1171875 0.2078125
0 0.2984375 0.675 0.11796875 0.2078125
0 0.1515625 0.1890625 0.12109375 0.221875
0 0.15 0.659375 0.1171875 0.20703125
0 0.0734375 0.4203125 0.11953125 0.21484375
0 0.221875 0.88671875 0.11171875 0.19765625
0 0.83515625 0.5046875 0.1171875 0.20859375
0 0.6171875 0.2421875 0.11796875 0.2203125
0 0.92578125 0.275 0.12265625 0.21875
0 0.2265625 0.4375 0.1203125 0.215625
0 0.4625 0.225 0.11953125 0.21875
0 0.3078125 0.20625 0.12265625 0.221875
0 0.36796875 0.903125 0.11328125 0.19140625
0 0.53046875 0.471875 0.1171875 0.20703125
0 0.37734375 0.45546875 0.1203125 0.215625
0 0.68203125 0.48828125 0.11796875 0.2109375
0 0.02890625 0.1734375 0.0578125 0.225
0 0.0296875 0.63828125 0.059375 0.2078125