0 0.7625 0.2796875 0.15 0.26328125
0 0.3890625 0.21015625 0.14140625 0.259375
0 0.21171875 0.178125 0.1375 0.2546875
0 0.57265625 0.2453125 0.14453125 0.259375
0 0.28828125 0.4734375 0.134375 0.24375
0 0.11875 0.434375 0.1296875 0.2421875
0 0.4640625 0.509375 0.13828125 0.2515625
0 0.6453125 0.54765625 0.14453125 0.25078125
0 0.1953125 0.7171875 0.12578125 0.2359375
0 0.365625 0.75625 0.1296875 0.2375
0 0.0546875 0.1453125 0.10703125 0.253125
0 0.04765625 0.67578125 0.09375 0.22578125
0 0.884375 0.065625 0.1640625 0.1296875
0 0.684375 0.04921875 0.15078125 0.0984375
0 0.49765625 0.034375 0.1390625 0.0671875
0 0.01015625 0.4125 0.01875 0.27421875