0 0.85390625 0.59765625 0.1359375 0.2328125
0 0.78125 0.325 0.1375 0.24375
0 0.5890625 0.81875 0.13125 0.225
0 0.34921875 0.53671875 0.1296875 0.234375
0 0.425 0.796875 0.128125 0.2234375
0 0.184375 0.5171875 0.12734375 0.2296875
0 0.68125 0.578125 0.1328125 0.2328125
0 0.51640625 0.55703125 0.1328125 0.23046875
0 0.60859375 0.30625 0.13125 0.2421875
0 0.26640625 0.7734375 0.11796875 0.221875
0 0.921875 0.86171875 0.13359375 0.2296875
0 0.7546875 0.8421875 0.1328125 0.225
0 0.10078125 0.24609375 0.13515625 0.2390625
0 0.4390625 0.28671875 0.13125 0.240625
0 0.94375 0.34609375 0.1109375 0.24375
0 0.27109375 0.26640625 0.1328125 0.24453125
0 0.97890625 0.61875 0.04140625 0.2296875
0 0.49921875 0.96796875 0.12734375 0.06171875
0 0.815625 0.9921875 0.134375 0.015625
0 0.65546875 0.98046875 0.12578125 0.0375