0 0.05625 0.1484375 0.1125 0.2765625
0 0.4546875 0.87265625 0.17421875 0.24921875
0 0.68515625 0.9 0.18046875 0.19921875
0 0.490625 0.1859375 0.190625 0.34609375
0 0.23359375 0.84921875 0.16953125 0.296875
0 0.13203125 0.49140625 0.171875 0.31953125
0 0.8328125 0.621875 0.1921875 0.3359375
0 0.59140625 0.578125 0.18671875 0.3265625
0 0.25390625 0.16015625 0.1828125 0.3203125
0 0.7359375 0.22109375 0.19609375 0.35390625
0 0.9453125 0.26328125 0.1078125 0.36015625
0 0.35546875 0.53515625 0.1828125 0.32421875