0 0.1734375 0.18046875 0.11875 0.221875
0 0.59765625 0.71484375 0.1140625 0.19609375
0 0.09375 0.4015625 0.1171875 0.209375
0 0.325 0.209375 0.11875 0.2171875
0 0.38984375 0.45390625 0.11484375 0.20625
0 0.2421875 0.428125 0.1171875 0.20703125
0 0.6875 0.50859375 0.11328125 0.203125
0 0.53828125 0.4828125 0.11484375 0.2015625
0 0.1640625 0.6359375 0.11328125 0.19921875
0 0.4765625 0.2359375 0.11796875 0.215625
0 0.30859375 0.6640625 0.11328125 0.1984375
0 0.37421875 0.884375 0.10703125 0.1859375
0 0.453125 0.690625 0.1140625 0.1984375
0 0.78125 0.290625 0.12109375 0.2140625
0 0.62890625 0.2640625 0.1171875 0.2109375
0 0.09140625 0.83125 0.10859375 0.1859375
0 0.23359375 0.859375 0.1078125 0.1875
0 0.0375 0.6109375 0.075 0.19921875
0 0.040625 0.1515625 0.0796875 0.22421875