0 0.95625 0.890625 0.08671875 0.215625
0 0.634375 0.853125 0.13671875 0.23125
0 0.8375 0.34453125 0.14453125 0.25234375
0 0.56015625 0.584375 0.1375 0.23828125
0 0.48125 0.3015625 0.13828125 0.25078125
0 0.3078125 0.28515625 0.1375 0.2484375
0 0.21875 0.53828125 0.13046875 0.23828125
0 0.465625 0.8296875 0.13203125 0.22890625
0 0.80625 0.878125 0.13671875 0.23125
0 0.9109375 0.6265625 0.14140625 0.240625
0 0.7328125 0.6046875 0.140625 0.240625
0 0.3890625 0.5625 0.1359375 0.2390625
0 0.29921875 0.8046875 0.12734375 0.225
0 0.65625 0.325 0.13515625 0.24921875
0 0.13203125 0.26171875 0.1390625 0.2484375
0 0.9734375 0.365625 0.0515625 0.246875