0 0.146875 0.5078125 0.1234375 0.22421875
0 0.6984375 0.82109375 0.128125 0.21875
0 0.79296875 0.584375 0.13046875 0.22578125
0 0.30625 0.528125 0.125 0.2265625
0 0.5390625 0.79921875 0.1265625 0.21875
0 0.3921875 0.2859375 0.12734375 0.23203125
0 0.55625 0.303125 0.1296875 0.23203125
0 0.721875 0.32265625 0.1265625 0.23515625
0 0.89140625 0.34296875 0.1328125 0.23359375
0 0.46796875 0.54765625 0.12734375 0.2234375
0 0.22890625 0.2671875 0.12890625 0.2359375
0 0.8609375 0.83984375 0.12578125 0.221875
0 0.38125 0.778125 0.1234375 0.2171875
0 0.628125 0.56875 0.13046875 0.221875
0 0.9453125 0.6046875 0.1078125 0.228125
0 0.22734375 0.75625 0.1171875 0.215625
0 0.0671875 0.2484375 0.12890625 0.23359375
0 0.459375 0.95703125 0.1140625 0.084375
0 0.9796875 0.8625 0.03984375 0.221875
0 0.6078125 0.96875 0.121875 0.0609375
0 0.7578125 0.9796875 0.12734375 0.0390625