0 0.82421875 0.32265625 0.1234375 0.2140625
0 0.6703125 0.3078125 0.11875 0.21328125
0 0.7984375 0.784375 0.11796875 0.203125
0 0.51640625 0.29140625 0.11640625 0.21875
0 0.56953125 0.940625 0.11171875 0.1171875
0 0.65 0.76875 0.1171875 0.2046875
0 0.9578125 0.3390625 0.08359375 0.2140625
0 0.5015625 0.7546875 0.11796875 0.203125
0 0.36484375 0.275 0.11796875 0.2140625
0 0.21015625 0.25703125 0.11796875 0.21796875
0 0.28515625 0.5 0.11796875 0.209375
0 0.584375 0.53515625 0.11875 0.20625
0 0.42265625 0.93125 0.109375 0.1359375
0 0.7359375 0.54921875 0.11875 0.2109375
0 0.27890625 0.9234375 0.11015625 0.153125
0 0.434375 0.5203125 0.11796875 0.20625
0 0.8875 0.565625 0.11484375 0.20625
0 0.2078125 0.71875 0.115625 0.2
0 0.06015625 0.240625 0.1171875 0.21875
0 0.13359375 0.48515625 0.11875 0.2109375
0 0.3546875 0.7359375 0.1171875 0.2046875
0 0.06015625 0.70078125 0.11484375 0.203125
0 0.02109375 0.4671875 0.0421875 0.20625