0 0.84296875 0.1875 0.15859375 0.28125
0 0.08671875 0.109375 0.13515625 0.21796875
0 0.7234375 0.4765625 0.1515625 0.265625
0 0.53203125 0.4453125 0.1453125 0.26328125
0 0.64375 0.1609375 0.153125 0.28046875
0 0.3484375 0.4171875 0.140625 0.25546875
0 0.4515625 0.1375 0.14765625 0.26875
0 0.26484375 0.1234375 0.1453125 0.24375
0 0.0828125 0.6421875 0.125 0.2375
0 0.16953125 0.3875 0.13515625 0.2515625
0 0.43046875 0.709375 0.13515625 0.2453125
0 0.25234375 0.67578125 0.13203125 0.24296875
0 0.03203125 0.359375 0.06328125 0.246875