0 0.46640625 0.6578125 0.11171875 0.19375
0 0.6953125 0.47421875 0.11328125 0.2015625
0 0.4875 0.2078125 0.11640625 0.21328125
0 0.78828125 0.2578125 0.11875 0.2125
0 0.3890625 0.8515625 0.10546875 0.1796875
0 0.18671875 0.1578125 0.11640625 0.21875
0 0.33828125 0.184375 0.11640625 0.21796875
0 0.109375 0.37734375 0.115625 0.209375
0 0.63828125 0.2328125 0.11484375 0.2125
0 0.32265625 0.63359375 0.11328125 0.1953125
0 0.55 0.45078125 0.11640625 0.203125
0 0.609375 0.68046875 0.11171875 0.1921875
0 0.403125 0.425 0.115625 0.20703125
0 0.25625 0.40234375 0.1171875 0.203125
0 0.04765625 0.1296875 0.09453125 0.22265625
0 0.1796875 0.609375 0.1140625 0.1984375
0 0.10546875 0.80390625 0.11484375 0.184375
0 0.046875 0.58515625 0.09296875 0.196875
0 0.2484375 0.82890625 0.1078125 0.18515625