0 0.8109375 0.37265625 0.15625 0.27265625
0 0.890625 0.678125 0.15546875 0.26484375
0 0.61640625 0.34765625 0.15078125 0.26953125
0 0.24140625 0.30078125 0.15390625 0.26484375
0 0.42890625 0.325 0.14765625 0.271875
0 0.7015625 0.6515625 0.15078125 0.2609375
0 0.5140625 0.62578125 0.15 0.2578125
0 0.3296875 0.5984375 0.1421875 0.2546875
0 0.41484375 0.88125 0.1328125 0.23671875
0 0.78125 0.9078125 0.15 0.18203125
0 0.9453125 0.921875 0.1078125 0.153125
0 0.59453125 0.89453125 0.146875 0.209375
0 0.965625 0.39375 0.06796875 0.2703125