0 0.44609375 0.31953125 0.1234375 0.2234375
0 0.6703125 0.58671875 0.121875 0.2140625
0 0.825 0.60390625 0.12421875 0.21875
0 0.9203125 0.37265625 0.125 0.21953125
0 0.36171875 0.55078125 0.1203125 0.2140625
0 0.76015625 0.3546875 0.125 0.221875
0 0.28828125 0.30078125 0.12265625 0.2234375
0 0.7359375 0.8265625 0.11875 0.21328125
0 0.58203125 0.8109375 0.12109375 0.2078125
0 0.51484375 0.56953125 0.12265625 0.21328125
0 0.60078125 0.33671875 0.11953125 0.22265625
0 0.8890625 0.846875 0.11953125 0.20625
0 0.28046875 0.771875 0.11953125 0.20625
0 0.20703125 0.534375 0.12109375 0.215625
0 0.13125 0.28125 0.1234375 0.2265625
0 0.43203125 0.790625 0.11953125 0.20625
0 0.96015625 0.62265625 0.07890625 0.2140625
0 0.35625 0.95078125 0.1078125 0.09609375
0 0.0578125 0.5140625 0.1125 0.21328125
0 0.13203125 0.7515625 0.1125 0.20625
0 0.4984375 0.9609375 0.109375 0.0765625
0 0.65 0.9703125 0.11640625 0.0578125
0 0.01875 0.2640625 0.0375 0.21171875