0 0.31953125 0.1984375 0.14921875 0.26875
0 0.13515625 0.178125 0.140625 0.26953125
0 0.509375 0.21796875 0.15 0.26875
0 0.89921875 0.25390625 0.15390625 0.2734375
0 0.0578125 0.45625 0.1140625 0.2546875
0 0.784375 0.54296875 0.15234375 0.2609375
0 0.59296875 0.521875 0.14453125 0.259375
0 0.40625 0.5 0.14375 0.2609375
0 0.7015625 0.234375 0.15234375 0.2734375
0 0.22421875 0.478125 0.14140625 0.25546875
0 0.49375 0.7890625 0.13828125 0.24453125
0 0.31171875 0.76328125 0.13515625 0.246875
0 0.13671875 0.73828125 0.13125 0.2390625