0 0.5453125 0.46796875 0.11484375 0.2046875
0 0.396875 0.44140625 0.115625 0.2078125
0 0.69296875 0.49296875 0.11484375 0.2046875
0 0.4609375 0.67578125 0.11171875 0.19609375
0 0.31640625 0.65078125 0.11484375 0.1984375
0 0.240625 0.846875 0.109375 0.18828125
0 0.3828125 0.871875 0.1078125 0.18359375
0 0.7875 0.275 0.1203125 0.2171875
0 0.17109375 0.625 0.11484375 0.1984375
0 0.2484375 0.41640625 0.11796875 0.20859375
0 0.63515625 0.2484375 0.11796875 0.2171875
0 0.33125 0.1953125 0.11875 0.22109375
0 0.1 0.8203125 0.11015625 0.18828125
0 0.1 0.390625 0.1171875 0.2109375
0 0.48359375 0.2234375 0.11796875 0.2140625
0 0.17890625 0.16875 0.11796875 0.221875
0 0.6046875 0.69921875 0.1140625 0.196875
0 0.04453125 0.140625 0.08515625 0.22578125
0 0.0421875 0.6 0.0828125 0.2015625