0 0.42421875 0.65546875 0.12421875 0.21875
0 0.4953125 0.8953125 0.1171875 0.20625
0 0.671875 0.43828125 0.12578125 0.225
0 0.190625 0.3859375 0.1234375 0.2234375
0 0.109375 0.12265625 0.128125 0.23671875
0 0.275 0.140625 0.12734375 0.2375
0 0.26640625 0.6375 0.121875 0.215625
0 0.34140625 0.878125 0.11875 0.20625
0 0.765625 0.19453125 0.1296875 0.23125
0 0.8328125 0.45625 0.125 0.221875
0 0.73984375 0.69140625 0.1234375 0.21875
0 0.34921875 0.403125 0.12578125 0.2234375
0 0.51015625 0.4203125 0.125 0.2234375
0 0.1875 0.86015625 0.1171875 0.20390625
0 0.10859375 0.61796875 0.121875 0.21796875
0 0.58046875 0.675 0.12109375 0.21953125
0 0.93125 0.2109375 0.13046875 0.2359375
0 0.6015625 0.1765625 0.12734375 0.234375
0 0.04765625 0.36875 0.090625 0.22890625
0 0.4375 0.159375 0.125 0.234375