0 0.6171875 0.28125 0.1171875 0.21640625
0 0.4671875 0.2546875 0.1171875 0.2171875
0 0.365625 0.9 0.10859375 0.184375
0 0.76875 0.309375 0.11953125 0.215625
0 0.3171875 0.2265625 0.11796875 0.221875
0 0.44375 0.70546875 0.1125 0.196875
0 0.165625 0.1984375 0.1171875 0.221875
0 0.58828125 0.73125 0.11328125 0.1953125
0 0.08671875 0.41796875 0.1140625 0.20859375
0 0.234375 0.446875 0.1171875 0.203125
0 0.67734375 0.52421875 0.11484375 0.20546875
0 0.084375 0.846875 0.109375 0.184375
0 0.38125 0.471875 0.1171875 0.2046875
0 0.3 0.67890625 0.11484375 0.19765625
0 0.15625 0.653125 0.11328125 0.19375
0 0.52890625 0.5 0.11640625 0.203125
0 0.03671875 0.16953125 0.0734375 0.22109375
0 0.2234375 0.87421875 0.109375 0.18828125
0 0.034375 0.625 0.06796875 0.1984375