0 0.78515625 0.13125 0.14765625 0.25703125
0 0.50078125 0.38515625 0.13984375 0.24609375
0 0.57890625 0.66328125 0.13515625 0.24375
0 0.325 0.365625 0.1375 0.24609375
0 0.24375 0.103125 0.14140625 0.2046875
0 0.23359375 0.6234375 0.1328125 0.23671875
0 0.1515625 0.3453125 0.13359375 0.246875
0 0.40546875 0.6421875 0.13515625 0.240625
0 0.3171875 0.88515625 0.128125 0.22265625
0 0.6796875 0.4015625 0.13984375 0.253125
0 0.86015625 0.4234375 0.14140625 0.2484375
0 0.4859375 0.8984375 0.128125 0.203125
0 0.75546875 0.6859375 0.13828125 0.240625
0 0.0671875 0.60078125 0.1296875 0.2375
0 0.6015625 0.12265625 0.13984375 0.240625
0 0.06796875 0.09375 0.13203125 0.1859375
0 0.14921875 0.86171875 0.12890625 0.22421875
0 0.94921875 0.146875 0.10078125 0.2640625
0 0.41875 0.1125 0.13828125 0.22421875
0 0.02265625 0.325 0.0453125 0.246875