0 0.60625 0.19453125 0.15 0.26953125
0 0.8015625 0.228125 0.15390625 0.26953125
0 0.41796875 0.1625 0.1421875 0.2671875
0 0.2359375 0.134375 0.140625 0.259375
0 0.68125 0.5046875 0.1515625 0.26171875
0 0.4953125 0.46953125 0.14140625 0.25703125
0 0.315625 0.43515625 0.13828125 0.25078125
0 0.14140625 0.4 0.13203125 0.24453125
0 0.059375 0.646875 0.115625 0.2328125
0 0.39375 0.72421875 0.13125 0.2421875
0 0.2203125 0.684375 0.12890625 0.2390625
0 0.065625 0.1171875 0.128125 0.23125
0 0.0203125 0.3671875 0.03984375 0.23671875