0 0.21953125 0.4296875 0.1203125 0.215625
0 0.5921875 0.7046875 0.11640625 0.2078125
0 0.14375 0.1796875 0.12265625 0.2234375
0 0.4421875 0.6875 0.1171875 0.2078125
0 0.1421875 0.6515625 0.11640625 0.2078125
0 0.2921875 0.66875 0.11640625 0.20703125
0 0.7421875 0.7203125 0.11640625 0.2078125
0 0.371875 0.446875 0.1203125 0.21328125
0 0.52421875 0.46328125 0.1203125 0.21171875
0 0.92265625 0.26796875 0.12109375 0.21953125
0 0.76640625 0.25 0.12109375 0.21875
0 0.678125 0.48125 0.11953125 0.2140625
0 0.5109375 0.9078125 0.11171875 0.18125
0 0.3015625 0.1984375 0.12265625 0.22578125
0 0.215625 0.88125 0.11328125 0.19453125
0 0.065625 0.4125 0.121875 0.215625
0 0.61171875 0.234375 0.11953125 0.21953125
0 0.3625 0.89921875 0.1125 0.19609375
0 0.83046875 0.4984375 0.1171875 0.209375
0 0.45625 0.21640625 0.11953125 0.2203125
0 0.02578125 0.16640625 0.0515625 0.221875
0 0.025 0.63515625 0.05 0.2078125