0 0.7609375 0.32421875 0.134375 0.23828125
0 0.93203125 0.34375 0.13125 0.23828125
0 0.66484375 0.5734375 0.1328125 0.23125
0 0.25703125 0.2671875 0.1296875 0.2390625
0 0.5734375 0.809375 0.12890625 0.2203125
0 0.5 0.55390625 0.1296875 0.22421875
0 0.83203125 0.59296875 0.13359375 0.22890625
0 0.73515625 0.83125 0.1296875 0.22265625
0 0.1734375 0.5125 0.12734375 0.228125
0 0.42421875 0.2859375 0.1296875 0.2375
0 0.3359375 0.53203125 0.128125 0.2296875
0 0.9015625 0.8515625 0.1296875 0.2234375
0 0.59140625 0.30546875 0.13125 0.23984375
0 0.4109375 0.7875 0.12421875 0.21875
0 0.09140625 0.24765625 0.1328125 0.2359375
0 0.9671875 0.6109375 0.0640625 0.234375
0 0.2546875 0.765625 0.1171875 0.2140625
0 0.48828125 0.9625 0.11484375 0.0734375