0 0.8953125 0.2796875 0.1515625 0.26953125
0 0.51015625 0.24296875 0.1484375 0.26328125
0 0.40859375 0.51953125 0.1421875 0.25703125
0 0.32421875 0.2234375 0.1453125 0.26328125
0 0.78125 0.56328125 0.14921875 0.25859375
0 0.2296875 0.4984375 0.1390625 0.2515625
0 0.70078125 0.259375 0.14921875 0.26875
0 0.59375 0.5421875 0.14296875 0.25390625
0 0.140625 0.203125 0.13671875 0.2640625
0 0.0609375 0.47578125 0.11875 0.25234375
0 0.31640625 0.7796875 0.13359375 0.23984375
0 0.14140625 0.753125 0.13203125 0.23515625
0 0.49453125 0.8046875 0.1359375 0.240625
0 0.8125 0.05078125 0.15546875 0.1015625
0 0.61484375 0.04296875 0.14921875 0.08515625
0 0.23203125 0.02578125 0.14140625 0.05
0 0.4265625 0.034375 0.14921875 0.06875
0 0.96640625 0.06015625 0.065625 0.11953125
0 0.06015625 0.01796875 0.11796875 0.0359375
0 0.01640625 0.196875 0.0328125 0.27890625