0 0.86796875 0.16796875 0.15859375 0.28359375
0 0.6671875 0.14765625 0.1546875 0.28046875
0 0.55703125 0.43359375 0.14609375 0.26796875
0 0.18984375 0.38515625 0.13828125 0.25625
0 0.28515625 0.11953125 0.1484375 0.2390625
0 0.37109375 0.4109375 0.14140625 0.25859375
0 0.1015625 0.10859375 0.1375 0.2171875
0 0.75 0.46015625 0.15234375 0.26875
0 0.4734375 0.1328125 0.14765625 0.2609375
0 0.45546875 0.703125 0.13671875 0.25078125
0 0.27578125 0.675 0.13359375 0.24375
0 0.1015625 0.6453125 0.13203125 0.2390625
0 0.04140625 0.3609375 0.08203125 0.2515625