0 0.4578125 0.13515625 0.14921875 0.26796875
0 0.3546875 0.4140625 0.14140625 0.2578125
0 0.85078125 0.1796875 0.15859375 0.278125
0 0.2703125 0.121875 0.1453125 0.2421875
0 0.09140625 0.10859375 0.1359375 0.2171875
0 0.73125 0.4703125 0.15390625 0.2640625
0 0.5390625 0.440625 0.14609375 0.2640625
0 0.0875 0.64140625 0.13046875 0.2359375
0 0.175 0.3859375 0.13828125 0.253125
0 0.4375 0.70625 0.1359375 0.2484375
0 0.259375 0.675 0.13125 0.2421875
0 0.6515625 0.1546875 0.15234375 0.2765625
0 0.034375 0.359375 0.06796875 0.25078125