0 0.67421875 0.47421875 0.1203125 0.215625
0 0.2953125 0.1921875 0.12265625 0.2234375
0 0.51953125 0.459375 0.1203125 0.21328125
0 0.91953125 0.259375 0.12109375 0.21875
0 0.21328125 0.42421875 0.11796875 0.2140625
0 0.4359375 0.6828125 0.11796875 0.2078125
0 0.36484375 0.440625 0.12109375 0.215625
0 0.44921875 0.209375 0.11953125 0.2234375
0 0.58671875 0.7 0.115625 0.2109375
0 0.1359375 0.171875 0.1234375 0.225
0 0.8265625 0.4921875 0.11953125 0.2125
0 0.60625 0.22578125 0.12109375 0.221875
0 0.73828125 0.715625 0.1171875 0.20859375
0 0.2859375 0.6640625 0.11796875 0.20625
0 0.7625 0.24375 0.12265625 0.2203125
0 0.13515625 0.646875 0.1171875 0.20859375
0 0.5046875 0.90703125 0.11328125 0.18359375
0 0.2078125 0.87734375 0.11328125 0.19765625
0 0.059375 0.4078125 0.11875 0.215625
0 0.35625 0.89453125 0.1125 0.19765625