0 0.921875 0.5859375 0.11796875 0.209375
0 0.39375 0.29140625 0.11953125 0.21953125
0 0.76875 0.56875 0.11875 0.2125
0 0.5484375 0.30703125 0.11875 0.21953125
0 0.61640625 0.553125 0.1203125 0.2109375
0 0.31328125 0.5203125 0.1171875 0.2125
0 0.23984375 0.27265625 0.1203125 0.2203125
0 0.4640625 0.53671875 0.12109375 0.2109375
0 0.1609375 0.503125 0.11875 0.2140625
0 0.38359375 0.75703125 0.11796875 0.20390625
0 0.08359375 0.2546875 0.121875 0.22421875
0 0.8609375 0.34140625 0.121875 0.215625
0 0.8328125 0.8078125 0.11875 0.20625
0 0.234375 0.73828125 0.1171875 0.203125
0 0.703125 0.32421875 0.121875 0.21796875
0 0.5984375 0.9515625 0.11328125 0.0953125
0 0.68203125 0.790625 0.11640625 0.20625
0 0.53125 0.77421875 0.1171875 0.20625
0 0.45078125 0.94296875 0.11171875 0.11328125
0 0.30625 0.9328125 0.11171875 0.1328125
0 0.034375 0.4828125 0.06875 0.2140625
0 0.9765625 0.3546875 0.0453125 0.2171875
0 0.08671875 0.71875 0.11484375 0.20625