0 0.7828125 0.359375 0.15390625 0.2703125
0 0.8609375 0.6609375 0.15234375 0.26015625
0 0.4890625 0.61171875 0.1484375 0.2546875
0 0.40390625 0.31171875 0.1453125 0.27109375
0 0.30703125 0.58671875 0.14140625 0.2515625
0 0.2171875 0.2890625 0.1515625 0.26328125
0 0.6734375 0.6359375 0.14765625 0.259375
0 0.39140625 0.8703125 0.13203125 0.2421875
0 0.58984375 0.33515625 0.15 0.26640625
0 0.7515625 0.90078125 0.1484375 0.196875
0 0.9296875 0.9140625 0.13515625 0.1703125
0 0.95078125 0.3828125 0.0984375 0.271875
0 0.56875 0.8875 0.14375 0.2234375
0 0.98828125 0.6796875 0.0234375 0.25703125