0 0.19375 0.396875 0.1234375 0.225
0 0.34296875 0.88515625 0.1171875 0.20546875
0 0.67109375 0.45 0.12421875 0.2234375
0 0.26953125 0.646875 0.12109375 0.2171875
0 0.1140625 0.628125 0.11953125 0.215625
0 0.496875 0.90078125 0.11640625 0.196875
0 0.425 0.6640625 0.12421875 0.21640625
0 0.19140625 0.8671875 0.11640625 0.20390625
0 0.58046875 0.68203125 0.12109375 0.215625
0 0.11328125 0.1359375 0.12890625 0.234375
0 0.7375 0.7 0.12265625 0.21328125
0 0.51171875 0.43203125 0.1234375 0.221875
0 0.27734375 0.1546875 0.125 0.23125
0 0.92734375 0.225 0.1296875 0.23125
0 0.7640625 0.20703125 0.12890625 0.23046875
0 0.4390625 0.1734375 0.125 0.23359375
0 0.6 0.190625 0.12578125 0.23125
0 0.8296875 0.46796875 0.12265625 0.21953125
0 0.35078125 0.415625 0.125 0.221875
0 0.05 0.38125 0.0953125 0.225