0 0.2421875 0.459375 0.1171875 0.209375
0 0.16875 0.2140625 0.1203125 0.2203125
0 0.84375 0.52421875 0.115625 0.209375
0 0.69296875 0.5078125 0.1171875 0.21015625
0 0.3234375 0.23046875 0.121875 0.22109375
0 0.54296875 0.49296875 0.1171875 0.20703125
0 0.16640625 0.6765625 0.11484375 0.20390625
0 0.52734375 0.9203125 0.11171875 0.15703125
0 0.090625 0.4421875 0.11875 0.21328125
0 0.390625 0.47578125 0.11796875 0.20859375
0 0.2375 0.903125 0.1109375 0.1921875
0 0.475 0.24765625 0.11796875 0.2203125
0 0.31328125 0.69375 0.115625 0.203125
0 0.78125 0.28046875 0.12109375 0.21640625
0 0.62734375 0.265625 0.11875 0.2171875
0 0.4609375 0.71328125 0.11484375 0.20390625
0 0.60859375 0.728125 0.11328125 0.20625
0 0.75625 0.74375 0.11640625 0.2015625
0 0.9359375 0.29765625 0.121875 0.21640625
0 0.03828125 0.196875 0.07578125 0.221875
0 0.38203125 0.9109375 0.11015625 0.17421875
0 0.0375 0.659375 0.075 0.203125