0 0.75546875 0.34375 0.1484375 0.2671875
0 0.6484375 0.61796875 0.14609375 0.253125
0 0.38125 0.2984375 0.14453125 0.26640625
0 0.83359375 0.6421875 0.1515625 0.2578125
0 0.5640625 0.3203125 0.14609375 0.2640625
0 0.46484375 0.59375 0.14609375 0.253125
0 0.93515625 0.36328125 0.128125 0.27265625
0 0.3703125 0.84921875 0.12890625 0.24140625
0 0.91015625 0.903125 0.1484375 0.19375
0 0.28515625 0.56875 0.13828125 0.2515625
0 0.196875 0.275 0.14375 0.26015625
0 0.7265625 0.890625 0.14765625 0.21796875
0 0.5453125 0.87734375 0.14296875 0.2390625
0 0.97265625 0.66953125 0.053125 0.2515625