0 0.3125 0.125 0.1515625 0.2484375
0 0.78359375 0.4609375 0.15390625 0.26875
0 0.5890625 0.4375 0.1484375 0.26953125
0 0.70078125 0.146875 0.1546875 0.28125
0 0.40078125 0.41953125 0.14296875 0.26171875
0 0.50390625 0.134375 0.1515625 0.2671875
0 0.12734375 0.11484375 0.1390625 0.228125
0 0.21796875 0.396875 0.13984375 0.2609375
0 0.4890625 0.71328125 0.1390625 0.246875
0 0.30625 0.6875 0.1375 0.246875
0 0.12890625 0.6625 0.134375 0.2421875
0 0.90234375 0.1640625 0.159375 0.2859375
0 0.0546875 0.375 0.10625 0.25625