0 0.5203125 0.7984375 0.12578125 0.215625
0 0.4484375 0.54921875 0.12734375 0.2234375
0 0.7703125 0.5875 0.12734375 0.2234375
0 0.3625 0.77734375 0.12265625 0.2140625
0 0.8671875 0.3453125 0.13203125 0.23125
0 0.2109375 0.271875 0.125 0.2328125
0 0.0578125 0.2515625 0.11171875 0.2296875
0 0.3734375 0.28828125 0.12734375 0.2328125
0 0.28828125 0.5296875 0.12421875 0.22421875
0 0.60703125 0.56875 0.1296875 0.221875
0 0.83828125 0.83828125 0.12578125 0.21875
0 0.93359375 0.60546875 0.12734375 0.22578125
0 0.53671875 0.3078125 0.12734375 0.23125
0 0.7 0.32578125 0.125 0.23203125
0 0.6765625 0.8203125 0.12578125 0.2171875
0 0.21015625 0.75625 0.11640625 0.2125
0 0.13046875 0.51015625 0.12265625 0.21953125
0 0.96796875 0.859375 0.0640625 0.2234375
0 0.58984375 0.96796875 0.11484375 0.06328125
0 0.43984375 0.95625 0.1125 0.0859375