0 0.69453125 0.4671875 0.11328125 0.20078125
0 0.46796875 0.65 0.1109375 0.19375
0 0.18828125 0.15546875 0.11640625 0.21875
0 0.3390625 0.18046875 0.115625 0.21640625
0 0.48828125 0.20390625 0.11484375 0.2140625
0 0.1125 0.37421875 0.1140625 0.2046875
0 0.39140625 0.84296875 0.10546875 0.18125
0 0.609375 0.67265625 0.1109375 0.1890625
0 0.6375 0.22734375 0.115625 0.2125
0 0.7875 0.25078125 0.11875 0.21171875
0 0.25859375 0.3984375 0.11484375 0.2015625
0 0.55078125 0.44453125 0.1140625 0.19921875
0 0.18359375 0.60546875 0.11171875 0.19296875
0 0.1109375 0.7984375 0.10859375 0.18125
0 0.04921875 0.12890625 0.09609375 0.22109375
0 0.325 0.628125 0.11328125 0.1953125
0 0.40390625 0.42109375 0.1140625 0.2015625
0 0.0484375 0.58125 0.0953125 0.1953125
0 0.25234375 0.821875 0.103125 0.184375