0 0.91953125 0.35390625 0.1546875 0.26796875
0 0.73046875 0.33125 0.14609375 0.2640625
0 0.36171875 0.2890625 0.14375 0.2609375
0 0.80703125 0.628125 0.1484375 0.25390625
0 0.70234375 0.88203125 0.1453125 0.234375
0 0.17890625 0.265625 0.14375 0.25859375
0 0.62421875 0.60390625 0.14453125 0.2515625
0 0.35 0.8328125 0.13125 0.2328125
0 0.5421875 0.30703125 0.1421875 0.265625
0 0.884375 0.89375 0.146875 0.2109375
0 0.52421875 0.86015625 0.140625 0.2375
0 0.2671875 0.55625 0.1359375 0.246875
0 0.96015625 0.65 0.078125 0.25625
0 0.44453125 0.5796875 0.14375 0.2515625