0 0.50625 0.328125 0.1421875 0.253125
0 0.9546875 0.11015625 0.08984375 0.2203125
0 0.87265625 0.36796875 0.1421875 0.253125
0 0.32734375 0.3109375 0.140625 0.2515625
0 0.2359375 0.5734375 0.13359375 0.2390625
0 0.15234375 0.290625 0.134375 0.2515625
0 0.40859375 0.59375 0.1375 0.2453125
0 0.6875 0.34765625 0.1421875 0.25546875
0 0.490625 0.8640625 0.13046875 0.23203125
0 0.31953125 0.840625 0.12890625 0.228125
0 0.58515625 0.6140625 0.13671875 0.24453125
0 0.6078125 0.0921875 0.14453125 0.1828125
0 0.7953125 0.10078125 0.1484375 0.20078125
0 0.0671875 0.55078125 0.13046875 0.2390625
0 0.7640625 0.634375 0.13984375 0.24765625
0 0.15078125 0.8171875 0.1296875 0.22578125
0 0.2453125 0.07421875 0.1421875 0.1484375
0 0.06796875 0.0640625 0.1328125 0.1265625
0 0.42265625 0.084375 0.14140625 0.16640625
0 0.02265625 0.27421875 0.0453125 0.2484375