0 0.95625 0.609375 0.08671875 0.228125
0 0.396875 0.78203125 0.125 0.21875
0 0.55546875 0.8046875 0.12890625 0.22109375
0 0.64609375 0.5703125 0.13125 0.228125
0 0.24375 0.26875 0.1265625 0.23671875
0 0.9125 0.34375 0.1359375 0.2359375
0 0.48359375 0.5515625 0.128125 0.225
0 0.32265625 0.53046875 0.12734375 0.2265625
0 0.5734375 0.30625 0.12890625 0.2359375
0 0.7171875 0.8265625 0.12890625 0.2203125
0 0.81171875 0.58984375 0.13046875 0.22578125
0 0.4078125 0.2875 0.12734375 0.234375
0 0.1609375 0.51171875 0.12421875 0.2234375
0 0.24140625 0.7609375 0.11640625 0.215625
0 0.740625 0.32421875 0.13046875 0.2359375
0 0.8796875 0.846875 0.128125 0.221875
0 0.078125 0.24765625 0.1328125 0.234375
0 0.46953125 0.9609375 0.12109375 0.0765625
0 0.625 0.971875 0.13203125 0.05546875