0 0.0578125 0.13203125 0.1140625 0.25390625
0 0.58203125 0.228125 0.14453125 0.26796875
0 0.7734375 0.2625 0.14765625 0.26171875
0 0.65625 0.5328125 0.146875 0.25546875
0 0.21953125 0.1640625 0.13671875 0.25625
0 0.3984375 0.19609375 0.140625 0.26015625
0 0.1265625 0.42265625 0.13203125 0.24296875
0 0.2953125 0.46015625 0.13515625 0.246875
0 0.4734375 0.49453125 0.13984375 0.2515625
0 0.37421875 0.7453125 0.13046875 0.2359375
0 0.203125 0.7046875 0.1265625 0.234375
0 0.0515625 0.6640625 0.10078125 0.228125
0 0.8953125 0.0578125 0.16171875 0.1125
0 0.69296875 0.0390625 0.15625 0.078125
0 0.50390625 0.02578125 0.14765625 0.05078125
0 0.01328125 0.3921875 0.02578125 0.24921875