0 0.31640625 0.13984375 0.15078125 0.2734375
0 0.50625 0.1546875 0.15078125 0.2765625
0 0.7859375 0.484375 0.15390625 0.26640625
0 0.13125 0.128125 0.1421875 0.25625
0 0.70234375 0.171875 0.153125 0.2828125
0 0.403125 0.44453125 0.14453125 0.2609375
0 0.59140625 0.4625 0.1484375 0.2671875
0 0.05625 0.4 0.11015625 0.2578125
0 0.9046875 0.190625 0.15625 0.28359375
0 0.2203125 0.42421875 0.140625 0.2578125
0 0.3078125 0.7125 0.134375 0.24921875
0 0.49296875 0.7375 0.14140625 0.2484375
0 0.13203125 0.6875 0.13515625 0.2421875